2 859.269 
3 787.889 
4 725.786 
5 676.744 
6 637.922 
7 583.963 
8 582.457 
9 577.117 
10 552.426 
11 536.155 
12 531.15 
13 525.535 
14 518.574 
15 513.707 
16 513.701 
17 518.057 
18 523.44 
19 523.684 
20 509.327 
21 470.563 
22 409.639 
23 335.093 
24 259.372 
25 199.257 
26 171.764 
27 178.203 
28 212.96 
29 267.02 
30 327.617 
31 381.115 
32 424.008 
33 455.985 
34 477.133 
35 487.988 
36 489.569 
37 483.429 
38 471.691 
39 457.093 
40 443.029 
41 432.837 
42 427.27 
43 426.273 
44 429.654 
45 437.081 
46 448.064 
47 461.949 
48 477.908 
49 494.927 
50 511.796 
51 527.37 
52 541.46 
53 554.165 
54 565.617 
55 575.986 
56 585.483 
57 594.36 
58 602.914 
59 611.486 
60 620.465 
61 630.212 
62 640.797 
63 652.21 
64 664.427 
65 677.414 
66 691.126 
67 705.505 
68 720.479 
69 735.966 
70 751.866 
71 768.087 
72 784.603 
73 801.406 
74 818.483 
75 835.821 
76 853.403 
77 871.21 
78 889.22 
79 907.409 
80 925.749 
81 944.216 
82 962.811 
83 981.542 
84 1000.42 
85 1019.44 
86 1038.64 
87 1058 
88 1077.55 
89 1097.31 
90 1117.27 
91 1137.46 
92 1157.86 
93 1178.49 
94 1199.32 
95 1220.35 
96 1241.58 
97 1262.99 
98 1284.57 
99 1306.31 
100 1328.19 
101 1350.21 
102 1372.36 
103 1394.64 
104 1417.05 
105 1439.58 
106 1462.22 
107 1484.98 
108 1507.85 
109 1530.83 
110 1553.91 
111 1577.1 
112 1600.37 
113 1623.74 
114 1647.19 
115 1670.72 
116 1694.33 
117 1718 
118 1741.74 
119 1765.54 
120 1789.38 
121 1813.27 
122 1837.2 
123 1861.16 
124 1885.14 
125 1909.14 
126 1933.15 
127 1957.16 
128 1981.17 
129 2005.17 
130 2029.14 
131 2053.09 
132 2077 
133 2100.86 
134 2124.67 
135 2148.41 
136 2172.08 
137 2195.66 
138 2219.14 
139 2242.52 
140 2265.78 
141 2288.92 
142 2311.92 
143 2334.79 
144 2357.52 
145 2380.1 
146 2402.54 
147 2424.83 
148 2446.97 
149 2468.96 
150 2490.79 
151 2512.45 
152 2533.96 
153 2555.3 
154 2576.48 
155 2597.48 
156 2618.32 
157 2638.99 
158 2659.48 
159 2679.8 
160 2699.95 
161 2719.92 
162 2739.7 
163 2759.28 
164 2778.65 
165 2797.78 
166 2816.68 
167 2835.32 
168 2853.68 
169 2871.76 
170 2889.54 
171 2907 
172 2924.12 
173 2940.88 
174 2957.28 
175 2973.28 
176 2988.88 
177 3004.05 
178 3018.77 
179 3033.03 
180 3046.8 
181 3060.06 
182 3072.85 
183 3085.17 
184 3097.07 
185 3108.56 
186 3119.69 
187 3130.48 
188 3140.96 
189 3151.18 
190 3161.17 
191 3170.98 
192 3180.63 
193 3190.18 
194 3199.66 
195 3209.14 
196 3218.64 
197 3228.23 
198 3237.95 
199 3247.87 
200 3258.03 
201 3268.47 
202 3279.18 
203 3290.12 
204 3301.25 
205 3312.52 
206 3323.91 
207 3335.35 
208 3346.81 
209 3358.23 
210 3369.57 
211 3380.76 
212 3391.77 
213 3402.52 
214 3412.97 
215 3423.05 
216 3432.69 
217 3441.84 
218 3450.42 
219 3458.36 
220 3465.6 
221 3472.06 
222 3477.66 
223 3482.33 
224 3485.98 
225 3488.53 
226 3489.92 
227 3490.15 
228 3489.24 
229 3487.22 
230 3484.14 
231 3480 
232 3474.86 
233 3468.73 
234 3461.67 
235 3453.7 
236 3444.87 
237 3435.22 
238 3424.78 
239 3413.61 
240 3401.76 
241 3389.26 
242 3376.18 
243 3362.56 
244 3348.45 
245 3333.92 
246 3319.02 
247 3303.81 
248 3288.36 
249 3272.71 
250 3256.96 
251 3241.13 
252 3225.25 
253 3209.32 
254 3193.31 
255 3177.24 
256 3161.09 
257 3144.86 
258 3128.54 
259 3112.12 
260 3095.6 
261 3078.98 
262 3062.23 
263 3045.36 
264 3028.36 
265 3011.22 
266 2993.92 
267 2976.46 
268 2958.83 
269 2941.02 
270 2923.02 
271 2904.82 
272 2886.41 
273 2867.77 
274 2848.89 
275 2829.76 
276 2810.37 
277 2790.73 
278 2770.84 
279 2750.71 
280 2730.35 
281 2709.77 
282 2688.98 
283 2667.98 
284 2646.8 
285 2625.42 
286 2603.88 
287 2582.16 
288 2560.3 
289 2538.29 
290 2516.15 
291 2493.88 
292 2471.51 
293 2449.04 
294 2426.47 
295 2403.83 
296 2381.13 
297 2358.38 
298 2335.59 
299 2312.77 
300 2289.93 
301 2267.1 
302 2244.27 
303 2221.45 
304 2198.64 
305 2175.84 
306 2153.07 
307 2130.33 
308 2107.61 
309 2084.93 
310 2062.28 
311 2039.68 
312 2017.12 
313 1994.62 
314 1972.16 
315 1949.77 
316 1927.44 
317 1905.18 
318 1882.99 
319 1860.88 
320 1838.84 
321 1816.89 
322 1795.03 
323 1773.26 
324 1751.58 
325 1730.01 
326 1708.54 
327 1687.18 
328 1665.93 
329 1644.79 
330 1623.78 
331 1602.89 
332 1582.13 
333 1561.51 
334 1541.02 
335 1520.66 
336 1500.46 
337 1480.4 
338 1460.49 
339 1440.74 
340 1421.15 
341 1401.72 
342 1382.46 
343 1363.37 
344 1344.45 
345 1325.72 
346 1307.16 
347 1288.79 
348 1270.61 
349 1252.62 
350 1234.83 
351 1217.24 
352 1199.85 
353 1182.66 
354 1165.68 
355 1148.91 
356 1132.35 
357 1116 
358 1099.86 
359 1083.94 
360 1068.23 
361 1052.74 
362 1037.47 
363 1022.42 
364 1007.59 
365 992.989 
366 978.609 
367 964.453 
368 950.524 
369 936.821 
370 923.347 
371 910.101 
372 897.085 
373 884.299 
374 871.743 
375 859.418 
376 847.324 
377 835.463 
378 823.833 
379 812.435 
380 801.27 
381 790.336 
382 779.635 
383 769.165 
384 758.927 
385 748.92 
386 739.144 
387 729.598 
388 720.282 
389 711.195 
390 702.336 
391 693.705 
392 685.299 
393 677.119 
394 669.163 
395 661.43 
396 653.918 
397 646.627 
398 639.554 
399 632.698 
400 626.057 
401 619.63 
402 613.416 
403 607.413 
404 601.622 
405 596.04 
406 590.668 
407 585.503 
408 580.546 
409 575.794 
410 571.246 
411 566.901 
412 562.757 
413 558.813 
414 555.067 
415 551.517 
416 548.162 
417 544.999 
418 542.027 
419 539.243 
420 536.646 
421 534.233 
422 532.001 
423 529.949 
424 528.074 
425 526.373 
426 524.843 
427 523.483 
428 522.288 
429 521.256 
430 520.385 
431 519.669 
432 519.108 
433 518.697 
434 518.432 
435 518.311 
436 518.33 
437 518.484 
438 518.771 
439 519.186 
440 519.726 
441 520.385 
442 521.161 
443 522.049 
444 523.044 
445 524.141 
446 525.337 
447 526.627 
448 528.006 
449 529.468 
450 531.01 
451 532.626 
452 534.314 
453 536.074 
454 537.903 
455 539.8 
456 541.764 
457 543.793 
458 545.885 
459 548.04 
460 550.254 
461 552.527 
462 554.857 
463 557.241 
464 559.679 
465 562.167 
466 564.705 
467 567.29 
468 569.921 
469 572.595 
470 575.31 
471 578.064 
472 580.855 
473 583.681 
474 586.539 
475 589.428 
476 592.344 
477 595.286 
478 598.251 
479 601.236 
480 604.24 
481 607.259 
482 610.291 
483 613.334 
484 616.384 
485 619.439 
486 622.497 
487 625.553 
488 628.607 
489 631.653 
490 634.691 
491 637.716 
492 640.726 
493 643.717 
494 646.687 
495 649.632 
496 652.549 
497 655.435 
498 658.286 
499 661.099 
500 663.871 
501 666.598 
502 669.28 
503 671.917 
504 674.509 
505 677.055 
506 679.555 
507 682.008 
508 684.416 
509 686.777 
510 689.091 
511 691.358 
512 693.579 
513 695.752 
514 697.877 
515 699.955 
516 701.986 
517 703.968 
518 705.902 
519 707.788 
520 709.626 
521 711.415 
522 713.156 
523 714.848 
524 716.491 
525 718.084 
526 719.629 
527 721.124 
528 722.57 
529 723.967 
530 725.314 
531 726.611 
532 727.858 
533 729.056 
534 730.203 
535 731.301 
536 732.348 
537 733.345 
538 734.292 
539 735.189 
540 736.035 
541 736.831 
542 737.576 
543 738.271 
544 738.915 
545 739.509 
546 740.052 
547 740.544 
548 740.986 
549 741.377 
550 741.718 
551 742.008 
552 742.248 
553 742.439 
554 742.581 
555 742.676 
556 742.725 
557 742.728 
558 742.685 
559 742.599 
560 742.469 
561 742.298 
562 742.085 
563 741.831 
564 741.538 
565 741.207 
566 740.838 
567 740.433 
568 739.993 
569 739.518 
570 739.01 
571 738.47 
572 737.898 
573 737.297 
574 736.667 
575 736.01 
576 735.326 
577 734.616 
578 733.883 
579 733.127 
580 732.35 
581 731.552 
582 730.735 
583 729.9 
584 729.05 
585 728.184 
586 727.304 
587 726.413 
588 725.51 
589 724.598 
590 723.678 
591 722.752 
592 721.821 
593 720.886 
594 719.949 
595 719.011 
596 718.075 
597 717.141 
598 716.212 
599 715.288 
600 714.372 
601 713.465 
602 712.568 
603 711.681 
604 710.805 
605 709.941 
606 709.089 
607 708.249 
608 707.423 
609 706.611 
610 705.814 
611 705.031 
612 704.265 
613 703.516 
614 702.783 
615 702.068 
616 701.372 
617 700.695 
618 700.038 
619 699.402 
620 698.787 
621 698.194 
622 697.623 
623 697.076 
624 696.553 
625 696.054 
626 695.581 
627 695.135 
628 694.715 
629 694.323 
630 693.959 
631 693.625 
632 693.321 
633 693.047 
634 692.806 
635 692.596 
636 692.419 
637 692.277 
638 692.169 
639 692.097 
640 692.061 
641 692.062 
642 692.101 
643 692.179 
644 692.296 
645 692.454 
646 692.654 
647 692.896 
648 693.18 
649 693.509 
650 693.883 
651 694.302 
652 694.766 
653 695.275 
654 695.829 
655 696.427 
656 697.068 
657 697.752 
658 698.478 
659 699.247 
660 700.057 
661 700.907 
662 701.799 
663 702.73 
664 703.7 
665 704.71 
666 705.757 
667 706.842 
668 707.964 
669 709.123 
670 710.317 
671 711.547 
672 712.811 
673 714.109 
674 715.44 
675 716.803 
676 718.199 
677 719.626 
678 721.083 
679 722.57 
680 724.087 
681 725.631 
682 727.204 
683 728.803 
684 730.428 
685 732.079 
686 733.754 
687 735.453 
688 737.175 
689 738.919 
690 740.684 
691 742.47 
692 744.275 
693 746.099 
694 747.942 
695 749.801 
696 751.676 
697 753.566 
698 755.471 
699 757.389 
700 759.32 
701 761.262 
702 763.215 
703 765.178 
704 767.151 
705 769.133 
706 771.123 
707 773.12 
708 775.125 
709 777.137 
710 779.153 
711 781.175 
712 783.202 
713 785.232 
714 787.264 
715 789.3 
716 791.336 
717 793.373 
718 795.411 
719 797.448 
720 799.483 
721 801.516 
722 803.546 
723 805.572 
724 807.594 
725 809.61 
726 811.62 
727 813.624 
728 815.619 
729 817.606 
730 819.583 
731 821.551 
732 823.507 
733 825.451 
734 827.382 
735 829.299 
736 831.202 
737 833.09 
738 834.961 
739 836.814 
740 838.65 
741 840.466 
742 842.262 
743 844.037 
744 845.79 
745 847.52 
746 849.226 
747 850.907 
748 852.562 
749 854.191 
750 855.791 
751 857.362 
752 858.903 
753 860.412 
754 861.887 
755 863.328 
756 864.731 
757 866.097 
758 867.423 
759 868.707 
760 869.948 
761 871.145 
762 872.295 
763 873.397 
764 874.45 
765 875.451 
766 876.399 
767 877.293 
768 878.129 
769 878.908 
770 879.627 
771 880.283 
772 880.876 
773 881.404 
774 881.864 
775 882.256 
776 882.576 
777 882.823 
778 882.996 
779 883.092 
780 883.11 
781 883.047 
782 882.901 
783 882.671 
784 882.355 
785 881.95 
786 881.455 
787 880.867 
788 880.185 
789 879.407 
790 878.53 
791 877.552 
792 876.471 
793 875.285 
794 873.992 
795 872.59 
796 871.077 
797 869.45 
798 867.707 
799 865.846 
800 863.865 
801 861.762 
802 859.54 
803 857.201 
804 854.748 
805 852.186 
806 849.516 
807 846.742 
808 843.867 
809 840.895 
810 837.828 
811 834.671 
812 831.425 
813 828.096 
814 824.686 
815 821.198 
816 817.637 
817 814.005 
818 810.306 
819 806.545 
820 802.724 
821 798.847 
822 794.918 
823 790.941 
824 786.919 
825 782.857 
826 778.759 
827 774.627 
828 770.467 
829 766.281 
830 762.075 
831 757.853 
832 753.618 
833 749.374 
834 745.126 
835 740.879 
836 736.635 
837 732.4 
838 728.179 
839 723.974 
840 719.792 
841 715.636 
842 711.51 
843 707.421 
844 703.371 
845 699.366 
846 695.41 
847 691.508 
848 687.666 
849 683.886 
850 680.176 
851 676.537 
852 672.97 
853 669.472 
854 666.039 
855 662.671 
856 659.364 
857 656.116 
858 652.924 
859 649.787 
860 646.7 
861 643.663 
862 640.671 
863 637.723 
864 634.816 
865 631.948 
866 629.114 
867 626.313 
868 623.542 
869 620.799 
870 618.079 
871 615.381 
872 612.701 
873 610.037 
874 607.386 
875 604.744 
876 602.109 
877 599.478 
878 596.847 
879 594.214 
880 591.575 
881 588.927 
882 586.267 
883 583.592 
884 580.899 
885 578.184 
886 575.445 
887 572.677 
888 569.877 
889 567.043 
890 564.17 
891 561.255 
892 558.295 
893 555.286 
894 552.225 
895 549.108 
896 545.932 
897 542.693 
898 539.386 
899 536.01 
900 532.559 
901 529.032 
902 525.431 
903 521.757 
904 518.016 
905 514.21 
906 510.343 
907 506.417 
908 502.437 
909 498.406 
910 494.327 
911 490.204 
912 486.04 
913 481.838 
914 477.604 
915 473.339 
916 469.048 
917 464.735 
918 460.402 
919 456.055 
920 451.696 
921 447.33 
922 442.96 
923 438.59 
924 434.225 
925 429.868 
926 425.523 
927 421.194 
928 416.886 
929 412.601 
930 408.346 
931 404.122 
932 399.936 
933 395.791 
934 391.691 
935 387.641 
936 383.644 
937 379.706 
938 375.831 
939 372.022 
940 368.286 
941 364.625 
942 361.045 
943 357.55 
944 354.145 
945 350.835 
946 347.624 
947 344.516 
948 341.518 
949 338.632 
950 335.865 
951 333.22 
952 330.695 
953 328.289 
954 325.997 
955 323.819 
956 321.75 
957 319.79 
958 317.934 
959 316.18 
960 314.525 
961 312.967 
962 311.503 
963 310.13 
964 308.845 
965 307.645 
966 306.528 
967 305.489 
968 304.528 
969 303.64 
970 302.822 
971 302.071 
972 301.385 
973 300.76 
974 300.194 
975 299.682 
976 299.221 
977 298.81 
978 298.443 
979 298.119 
980 297.833 
981 297.583 
982 297.365 
983 297.175 
984 297.011 
985 296.868 
986 296.744 
987 296.634 
988 296.536 
989 296.446 
990 296.359 
991 296.273 
992 296.184 
993 296.088 
994 295.982 
995 295.861 
996 295.723 
997 295.562 
998 295.376 
999 295.161 
1000 294.912 
1001 294.626 
1002 294.305 
1003 293.95 
1004 293.562 
1005 293.143 
1006 292.694 
1007 292.217 
1008 291.714 
1009 291.186 
1010 290.635 
1011 290.063 
1012 289.47 
1013 288.86 
1014 288.233 
1015 287.591 
1016 286.936 
1017 286.27 
1018 285.594 
1019 284.91 
1020 284.22 
1021 283.526 
1022 282.829 
1023 282.132 
1024 281.436 
1025 280.742 
1026 280.054 
1027 279.372 
1028 278.698 
1029 278.035 
1030 277.385 
1031 276.748 
1032 276.128 
1033 275.526 
1034 274.944 
1035 274.384 
1036 273.848 
1037 273.338 
1038 272.856 
1039 272.405 
1040 271.986 
1041 271.6 
1042 271.252 
1043 270.941 
1044 270.672 
1045 270.445 
1046 270.263 
1047 270.127 
1048 270.041 
1049 270.006 
1050 270.025 
1051 270.099 
1052 270.228 
1053 270.409 
1054 270.643 
1055 270.928 
1056 271.261 
1057 271.643 
1058 272.072 
1059 272.546 
1060 273.064 
1061 273.625 
1062 274.227 
1063 274.87 
1064 275.551 
1065 276.269 
1066 277.023 
1067 277.811 
1068 278.632 
1069 279.485 
1070 280.368 
1071 281.279 
1072 282.218 
1073 283.182 
1074 284.17 
1075 285.181 
1076 286.213 
1077 287.264 
1078 288.334 
1079 289.419 
1080 290.52 
1081 291.634 
1082 292.759 
1083 293.895 
1084 295.038 
1085 296.189 
1086 297.344 
1087 298.503 
1088 299.664 
1089 300.825 
1090 301.984 
1091 303.14 
1092 304.291 
1093 305.435 
1094 306.57 
1095 307.695 
1096 308.808 
1097 309.908 
1098 310.991 
1099 312.057 
1100 313.103 
1101 314.129 
1102 315.133 
1103 316.114 
1104 317.073 
1105 318.008 
1106 318.918 
1107 319.804 
1108 320.665 
1109 321.499 
1110 322.306 
1111 323.086 
1112 323.838 
1113 324.562 
1114 325.256 
1115 325.92 
1116 326.553 
1117 327.155 
1118 327.726 
1119 328.263 
1120 328.767 
1121 329.238 
1122 329.673 
1123 330.073 
1124 330.438 
1125 330.765 
1126 331.055 
1127 331.307 
1128 331.52 
1129 331.694 
1130 331.827 
1131 331.919 
1132 331.97 
1133 331.978 
1134 331.943 
1135 331.864 
1136 331.741 
1137 331.572 
1138 331.357 
1139 331.095 
1140 330.786 
1141 330.428 
1142 330.021 
1143 329.564 
1144 329.057 
1145 328.498 
1146 327.887 
1147 327.224 
1148 326.506 
1149 325.734 
1150 324.906 
1151 324.023 
1152 323.085 
1153 322.096 
1154 321.056 
1155 319.968 
1156 318.834 
1157 317.656 
1158 316.435 
1159 315.175 
1160 313.877 
1161 312.542 
1162 311.175 
1163 309.775 
1164 308.346 
1165 306.89 
1166 305.409 
1167 303.905 
1168 302.381 
1169 300.837 
1170 299.278 
1171 297.705 
1172 296.12 
1173 294.525 
1174 292.924 
1175 291.317 
1176 289.709 
1177 288.1 
1178 286.493 
1179 284.891 
1180 283.296 
1181 281.711 
1182 280.137 
1183 278.578 
1184 277.036 
1185 275.513 
1186 274.012 
1187 272.535 
1188 271.084 
1189 269.664 
1190 268.275 
1191 266.92 
1192 265.603 
1193 264.325 
1194 263.09 
1195 261.9 
1196 260.757 
1197 259.665 
1198 258.626 
1199 257.642 
1200 256.717 
1201 255.852 
1202 255.047 
1203 254.299 
1204 253.608 
1205 252.97 
1206 252.385 
1207 251.85 
1208 251.365 
1209 250.926 
1210 250.532 
1211 250.182 
1212 249.873 
1213 249.604 
1214 249.372 
1215 249.176 
1216 249.014 
1217 248.884 
1218 248.783 
1219 248.711 
1220 248.665 
1221 248.642 
1222 248.642 
1223 248.662 
1224 248.7 
1225 248.754 
1226 248.822 
1227 248.901 
1228 248.991 
1229 249.088 
1230 249.191 
1231 249.297 
1232 249.404 
1233 249.511 
1234 249.614 
1235 249.713 
1236 249.804 
1237 249.885 
1238 249.955 
1239 250.011 
1240 250.05 
1241 250.071 
1242 250.071 
1243 250.048 
1244 249.999 
1245 249.923 
1246 249.817 
1247 249.678 
1248 249.505 
1249 249.294 
1250 249.044 
1251 248.753 
1252 248.421 
1253 248.051 
1254 247.643 
1255 247.201 
1256 246.724 
1257 246.216 
1258 245.678 
1259 245.111 
1260 244.518 
1261 243.899 
1262 243.258 
1263 242.595 
1264 241.912 
1265 241.211 
1266 240.495 
1267 239.764 
1268 239.021 
1269 238.267 
1270 237.504 
1271 236.735 
1272 235.961 
1273 235.184 
1274 234.405 
1275 233.628 
1276 232.853 
1277 232.083 
1278 231.319 
1279 230.564 
1280 229.819 
1281 229.087 
1282 228.37 
1283 227.669 
1284 226.987 
1285 226.325 
1286 225.686 
1287 225.071 
1288 224.484 
1289 223.925 
1290 223.397 
1291 222.902 
1292 222.443 
1293 222.02 
1294 221.638 
1295 221.297 
1296 220.999 
1297 220.748 
1298 220.545 
1299 220.392 
1300 220.292 
1301 220.246 
1302 220.254 
1303 220.314 
1304 220.425 
1305 220.585 
1306 220.793 
1307 221.048 
1308 221.348 
1309 221.691 
1310 222.077 
1311 222.504 
1312 222.971 
1313 223.475 
1314 224.016 
1315 224.592 
1316 225.202 
1317 225.844 
1318 226.516 
1319 227.218 
1320 227.947 
1321 228.702 
1322 229.481 
1323 230.283 
1324 231.107 
1325 231.95 
1326 232.812 
1327 233.69 
1328 234.584 
1329 235.49 
1330 236.409 
1331 237.337 
1332 238.274 
1333 239.218 
1334 240.166 
1335 241.119 
1336 242.073 
1337 243.027 
1338 243.98 
1339 244.929 
1340 245.873 
1341 246.811 
1342 247.74 
1343 248.658 
1344 249.565 
1345 250.458 
1346 251.335 
1347 252.195 
1348 253.035 
1349 253.854 
1350 254.651 
1351 255.423 
1352 256.171 
1353 256.894 
1354 257.592 
1355 258.266 
1356 258.916 
1357 259.542 
1358 260.143 
1359 260.721 
1360 261.274 
1361 261.804 
1362 262.31 
1363 262.792 
1364 263.251 
1365 263.686 
1366 264.098 
1367 264.486 
1368 264.852 
1369 265.194 
1370 265.513 
1371 265.809 
1372 266.082 
1373 266.333 
1374 266.561 
1375 266.767 
1376 266.95 
1377 267.111 
1378 267.25 
1379 267.366 
1380 267.461 
1381 267.534 
1382 267.585 
1383 267.614 
1384 267.622 
1385 267.609 
1386 267.574 
1387 267.518 
1388 267.441 
1389 267.343 
1390 267.224 
1391 267.085 
1392 266.925 
1393 266.744 
1394 266.543 
1395 266.322 
1396 266.081 
1397 265.82 
1398 265.539 
1399 265.238 
1400 264.918 
1401 264.578 
1402 264.22 
1403 263.842 
1404 263.447 
1405 263.034 
1406 262.603 
1407 262.156 
1408 261.692 
1409 261.211 
1410 260.716 
1411 260.205 
1412 259.679 
1413 259.139 
1414 258.585 
1415 258.017 
1416 257.437 
1417 256.844 
1418 256.239 
1419 255.622 
1420 254.994 
1421 254.355 
1422 253.706 
1423 253.047 
1424 252.379 
1425 251.702 
1426 251.017 
1427 250.324 
1428 249.623 
1429 248.916 
1430 248.202 
1431 247.482 
1432 246.756 
1433 246.026 
1434 245.291 
1435 244.552 
1436 243.81 
1437 243.065 
1438 242.317 
1439 241.568 
1440 240.816 
1441 240.065 
1442 239.312 
1443 238.56 
1444 237.808 
1445 237.058 
1446 236.309 
1447 235.563 
1448 234.82 
1449 234.079 
1450 233.343 
1451 232.611 
1452 231.883 
1453 231.158 
1454 230.436 
1455 229.716 
1456 228.998 
1457 228.281 
1458 227.565 
1459 226.848 
1460 226.132 
1461 225.414 
1462 224.694 
1463 223.972 
1464 223.247 
1465 222.519 
1466 221.787 
1467 221.05 
1468 220.308 
1469 219.56 
1470 218.806 
1471 218.045 
1472 217.276 
1473 216.5 
1474 215.714 
1475 214.919 
1476 214.114 
1477 213.298 
1478 212.471 
1479 211.632 
1480 210.781 
1481 209.917 
1482 209.038 
1483 208.146 
1484 207.238 
1485 206.314 
1486 205.375 
1487 204.418 
1488 203.443 
1489 202.45 
1490 201.438 
1491 200.407 
1492 199.355 
1493 198.282 
1494 197.188 
1495 196.071 
1496 194.931 
1497 193.768 
1498 192.58 
1499 191.367 
1500 190.128 
1501 188.863 
1502 187.573 
1503 186.259 
1504 184.922 
1505 183.563 
1506 182.185 
1507 180.787 
1508 179.372 
1509 177.941 
1510 176.494 
1511 175.034 
1512 173.561 
1513 172.077 
1514 170.583 
1515 169.081 
1516 167.571 
1517 166.056 
1518 164.536 
1519 163.014 
1520 161.489 
1521 159.965 
1522 158.441 
1523 156.92 
1524 155.402 
1525 153.89 
1526 152.384 
1527 150.887 
1528 149.399 
1529 147.922 
1530 146.457 
1531 145.006 
1532 143.571 
1533 142.152 
1534 140.751 
1535 139.37 
1536 138.01 
1537 136.673 
1538 135.36 
1539 134.073 
1540 132.812 
1541 131.581 
1542 130.379 
1543 129.21 
1544 128.074 
1545 126.972 
1546 125.907 
1547 124.88 
1548 123.893 
1549 122.947 
1550 122.043 
1551 121.183 
1552 120.367 
1553 119.593 
1554 118.86 
1555 118.167 
1556 117.513 
1557 116.896 
1558 116.317 
1559 115.774 
1560 115.265 
1561 114.789 
1562 114.346 
1563 113.934 
1564 113.553 
1565 113.2 
1566 112.875 
1567 112.578 
1568 112.305 
1569 112.057 
1570 111.832 
1571 111.63 
1572 111.448 
1573 111.286 
1574 111.143 
1575 111.016 
1576 110.906 
1577 110.811 
1578 110.73 
1579 110.661 
1580 110.603 
1581 110.556 
1582 110.517 
1583 110.486 
1584 110.461 
1585 110.441 
1586 110.425 
1587 110.411 
1588 110.398 
1589 110.386 
1590 110.372 
1591 110.355 
1592 110.334 
1593 110.308 
1594 110.276 
1595 110.235 
1596 110.186 
1597 110.125 
1598 110.053 
1599 109.967 
1600 109.867 
1601 109.751 
1602 109.62 
1603 109.474 
1604 109.313 
1605 109.139 
1606 108.952 
1607 108.753 
1608 108.542 
1609 108.319 
1610 108.086 
1611 107.844 
1612 107.592 
1613 107.331 
1614 107.063 
1615 106.787 
1616 106.505 
1617 106.216 
1618 105.922 
1619 105.624 
1620 105.321 
1621 105.015 
1622 104.706 
1623 104.396 
1624 104.083 
1625 103.771 
1626 103.458 
1627 103.145 
1628 102.835 
1629 102.526 
1630 102.219 
1631 101.917 
1632 101.618 
1633 101.324 
1634 101.036 
1635 100.754 
1636 100.479 
1637 100.211 
1638 99.9525 
1639 99.7026 
1640 99.4625 
1641 99.233 
1642 99.0148 
1643 98.8086 
1644 98.6152 
1645 98.4354 
1646 98.2698 
1647 98.1192 
1648 97.9844 
1649 97.8662 
1650 97.7652 
1651 97.6821 
1652 97.6167 
1653 97.5685 
1654 97.5373 
1655 97.5226 
1656 97.5239 
1657 97.541 
1658 97.5734 
1659 97.6208 
1660 97.6826 
1661 97.7585 
1662 97.8482 
1663 97.9511 
1664 98.0669 
1665 98.1952 
1666 98.3355 
1667 98.4875 
1668 98.6507 
1669 98.8246 
1670 99.009 
1671 99.2033 
1672 99.407 
1673 99.6199 
1674 99.8415 
1675 100.071 
1676 100.309 
1677 100.554 
1678 100.805 
1679 101.064 
1680 101.328 
1681 101.598 
1682 101.872 
1683 102.152 
1684 102.436 
1685 102.723 
1686 103.014 
1687 103.308 
1688 103.603 
1689 103.901 
1690 104.201 
1691 104.501 
1692 104.801 
1693 105.102 
1694 105.402 
1695 105.702 
1696 106 
1697 106.296 
1698 106.589 
1699 106.88 
1700 107.167 
1701 107.45 
1702 107.73 
1703 108.005 
1704 108.275 
1705 108.541 
1706 108.801 
1707 109.056 
1708 109.306 
1709 109.55 
1710 109.787 
1711 110.019 
1712 110.244 
1713 110.462 
1714 110.673 
1715 110.876 
1716 111.072 
1717 111.261 
1718 111.441 
1719 111.613 
1720 111.776 
1721 111.93 
1722 112.075 
1723 112.211 
1724 112.338 
1725 112.454 
1726 112.56 
1727 112.656 
1728 112.741 
1729 112.815 
1730 112.877 
1731 112.929 
1732 112.968 
1733 112.996 
1734 113.011 
1735 113.013 
1736 113.003 
1737 112.979 
1738 112.942 
1739 112.891 
1740 112.826 
1741 112.747 
1742 112.654 
1743 112.545 
1744 112.422 
1745 112.283 
1746 112.128 
1747 111.957 
1748 111.77 
1749 111.566 
1750 111.346 
1751 111.108 
1752 110.854 
1753 110.584 
1754 110.298 
1755 109.998 
1756 109.683 
1757 109.355 
1758 109.013 
1759 108.66 
1760 108.294 
1761 107.917 
1762 107.529 
1763 107.131 
1764 106.724 
1765 106.307 
1766 105.883 
1767 105.451 
1768 105.012 
1769 104.566 
1770 104.115 
1771 103.659 
1772 103.198 
1773 102.733 
1774 102.265 
1775 101.795 
1776 101.322 
1777 100.849 
1778 100.374 
1779 99.9002 
1780 99.4266 
1781 98.9543 
1782 98.484 
1783 98.0163 
1784 97.552 
1785 97.0917 
1786 96.6361 
1787 96.1858 
1788 95.7415 
1789 95.304 
1790 94.8738 
1791 94.4517 
1792 94.0384 
1793 93.6346 
1794 93.2409 
1795 92.8581 
1796 92.4869 
1797 92.128 
1798 91.782 
1799 91.4497 
1800 91.1319 
1801 90.829 
1802 90.5406 
1803 90.2664 
1804 90.0058 
1805 89.7581 
1806 89.523 
1807 89.2999 
1808 89.0882 
1809 88.8874 
1810 88.697 
1811 88.5164 
1812 88.3451 
1813 88.1825 
1814 88.0282 
1815 87.8814 
1816 87.7417 
1817 87.6086 
1818 87.4814 
1819 87.3596 
1820 87.2426 
1821 87.13 
1822 87.021 
1823 86.9151 
1824 86.8118 
1825 86.7105 
1826 86.6105 
1827 86.5114 
1828 86.4125 
1829 86.3133 
1830 86.2131 
1831 86.1113 
1832 86.0074 
1833 85.9008 
1834 85.7909 
1835 85.677 
1836 85.5585 
1837 85.4349 
1838 85.3056 
1839 85.1698 
1840 85.0271 
1841 84.8767 
1842 84.7182 
1843 84.5507 
1844 84.3738 
1845 84.1868 
1846 83.989 
1847 83.7798 
1848 83.5586 
1849 83.3248 
1850 83.0777 
1851 82.8168 
1852 82.5425 
1853 82.2555 
1854 81.9562 
1855 81.6452 
1856 81.3231 
1857 80.9906 
1858 80.6481 
1859 80.2962 
1860 79.9356 
1861 79.5669 
1862 79.1905 
1863 78.8072 
1864 78.4175 
1865 78.022 
1866 77.6213 
1867 77.216 
1868 76.8068 
1869 76.3942 
1870 75.9788 
1871 75.5614 
1872 75.1424 
1873 74.7225 
1874 74.3023 
1875 73.8825 
1876 73.4637 
1877 73.0465 
1878 72.6316 
1879 72.2195 
1880 71.811 
1881 71.4066 
1882 71.007 
1883 70.6129 
1884 70.225 
1885 69.8437 
1886 69.4699 
1887 69.1042 
1888 68.7472 
1889 68.3997 
1890 68.0622 
1891 67.7354 
1892 67.42 
1893 67.1168 
1894 66.8263 
1895 66.5492 
1896 66.2863 
1897 66.0381 
1898 65.8055 
1899 65.5891 
1900 65.3895 
1901 65.2074 
1902 65.0424 
1903 64.8942 
1904 64.7624 
1905 64.6464 
1906 64.546 
1907 64.4608 
1908 64.3902 
1909 64.3338 
1910 64.2914 
1911 64.2623 
1912 64.2462 
1913 64.2427 
1914 64.2514 
1915 64.2717 
1916 64.3033 
1917 64.3457 
1918 64.3985 
1919 64.4613 
1920 64.5336 
1921 64.615 
1922 64.7049 
1923 64.8031 
1924 64.909 
1925 65.0221 
1926 65.1421 
1927 65.2684 
1928 65.4006 
1929 65.5383 
1930 65.6809 
1931 65.8281 
1932 65.9793 
1933 66.1342 
1934 66.2921 
1935 66.4527 
1936 66.6154 
1937 66.7799 
1938 66.9455 
1939 67.1119 
1940 67.2786 
1941 67.445 
1942 67.6107 
1943 67.7753 
1944 67.9381 
1945 68.0988 
1946 68.2568 
1947 68.4116 
1948 68.5628 
1949 68.7098 
1950 68.8521 
1951 68.9893 
1952 69.1215 
1953 69.2487 
1954 69.371 
1955 69.4885 
1956 69.6013 
1957 69.7095 
1958 69.8131 
1959 69.9124 
1960 70.0073 
1961 70.0979 
1962 70.1844 
1963 70.2668 
1964 70.3453 
1965 70.42 
1966 70.4908 
1967 70.558 
1968 70.6217 
1969 70.6819 
1970 70.7387 
1971 70.7922 
1972 70.8425 
1973 70.8898 
1974 70.9341 
1975 70.9756 
1976 71.0143 
1977 71.0503 
1978 71.0837 
1979 71.1147 
1980 71.1433 
1981 71.1696 
1982 71.1938 
1983 71.216 
1984 71.2362 
1985 71.2545 
1986 71.2712 
1987 71.2862 
1988 71.2996 
1989 71.3117 
1990 71.3224 
1991 71.332 
1992 71.3404 
1993 71.3479 
1994 71.3545 
1995 71.3603 
1996 71.3655 
1997 71.3701 
1998 71.3743 
1999 71.3782 
2000 71.3819 
